51
1;;1
2;;1
3;;-1
4;;-1
5;;0
6;;0
7;;0
8;;-1
9;;1
10;;-1
11;;-1
12;;0
13;;-1
14;;0
15;;-1
16;;-1
17;;0
18;;-1
19;;0
20;;-1
21;;-1
22;;-1
23;;0
24;;1
25;;-1
26;;1
27;;1
28;;-1
29;;0
30;;-1
31;;1
32;;-1
33;;-1
34;;-1
35;;0
36;;0
37;;-1
38;;1
39;;0
40;;-1
41;;-1
42;;1
43;;-1
44;;-1
45;;0
46;;-1
47;;-1
48;;-1
49;;-1
50;;0
51;;-1
52;;1
53;;0
54;;1
55;;-1
56;;-1
57;;0
58;;-1
59;;1
60;;1
61;;1
62;;1
63;;0
64;;1
65;;0
66;;1
67;;1
68;;1
69;;1
70;;-1
71;;-1
72;;-1
73;;-1
74;;0
75;;-1
76;;0
77;;-1
78;;1
79;;0
80;;-1
81;;1
82;;0
83;;1
84;;-1
85;;1
86;;1
87;;1
88;;0
89;;1
90;;-1
91;;0
92;;-1
93;;1
94;;1
95;;-1
96;;1
97;;1
98;;1
99;;1
100;;1
101;;0
102;;0
103;;-1
104;;0
105;;0
106;;1
107;;-1
108;;0
109;;-1
110;;1
111;;1
112;;1
113;;1
114;;0
115;;0
116;;1
117;;0
118;;0
119;;1
120;;0
121;;1
122;;1
123;;0
124;;-1
125;;1
126;;-1
127;;-1
128;;-1
129;;1
130;;1
131;;-1
132;;0
133;;-1
134;;1
135;;0
136;;0
137;;-1
138;;-1
139;;0
140;;1
141;;-1
142;;1
143;;1
144;;1
145;;0
146;;-1
147;;-1
148;;1
149;;-1
150;;-1
151;;1
152;;1
153;;0
154;;0
155;;1
156;;1
157;;0
158;;1
159;;0
160;;-1
161;;-1
162;;1
163;;-1
164;;1
165;;1
166;;1
167;;-1
168;;1
169;;0
170;;0
171;;0
172;;-1
173;;0
174;;0
175;;-1
176;;-1
177;;0
178;;-1
179;;0
180;;0
181;;1
182;;0
183;;-1
184;;1
185;;1
186;;-1
187;;-1
188;;1
189;;1
190;;-1
191;;0
192;;1
193;;0
194;;0
195;;1
196;;-1
197;;1
198;;1
199;;-1
200;;1
201;;1
202;;0
203;;-1
204;;1
205;;-1
206;;1
207;;1
208;;1
209;;-1
210;;1
211;;1
212;;1
213;;1
214;;1
215;;1
216;;1
217;;0
218;;1
219;;0
220;;0
221;;1
222;;-1
223;;1
224;;-1
225;;0
226;;1
227;;1
228;;1
229;;1
230;;1
231;;0
232;;1
233;;1
234;;0
235;;1
236;;1
237;;0
238;;1
239;;1
240;;-1
241;;1
242;;1
243;;0
244;;0
245;;1
246;;1
247;;1
248;;1
249;;-1
250;;1
251;;-1
252;;0
253;;-1
254;;1
255;;1
256;;-1
257;;1
258;;1
259;;1
260;;1
261;;1
262;;0
263;;1
264;;1
265;;1
266;;0
267;;1
268;;0
269;;1
270;;1
271;;0
272;;-1
273;;0
274;;1
275;;1
276;;-1
277;;1
278;;0
279;;0
280;;1
281;;-1
282;;-1
283;;1
284;;1
285;;-1
286;;-1
287;;1
288;;1
289;;-1
290;;1
291;;0
292;;1
293;;0
294;;0
295;;1
296;;1
297;;1
298;;1
299;;0
300;;1
301;;-1
302;;1
303;;-1
304;;0
305;;-1
306;;0
307;;0
308;;-1
309;;0
310;;1
311;;0
312;;1
313;;-1
314;;1
315;;1
316;;1
317;;1
318;;-1
319;;0
320;;1
321;;0
322;;1
323;;1
324;;0
325;;0
326;;1
327;;1
328;;1
329;;0
330;;1
331;;0
332;;1
333;;1
334;;0
335;;-1
336;;0
337;;1
338;;1
339;;-1
340;;0
341;;1
342;;-1
343;;1
344;;-1
345;;0
346;;1
347;;1
348;;1
349;;1
350;;1
351;;1
352;;-1
353;;1
354;;0
355;;1
356;;1
357;;1
358;;-1
359;;0
360;;1
361;;1
362;;-1
363;;1
364;;1
365;;1
366;;-1
367;;1
368;;1
369;;-1
370;;1
371;;1
372;;0
373;;0
374;;1
375;;1
376;;0
377;;1
378;;0
379;;1
380;;-1
381;;-1
382;;0
383;;1
384;;1
385;;1
386;;1
387;;0
388;;0
389;;1
390;;1
391;;0
392;;1
393;;1
394;;0
395;;1
396;;1
397;;1
398;;0
399;;1
400;;1
401;;0
402;;-1
403;;1
404;;1
405;;-1
406;;1
407;;0
408;;1
409;;0
410;;1
411;;1
412;;1
413;;1
414;;1
415;;0
416;;1
417;;1
418;;-1
419;;1
420;;-1
421;;1
422;;1
423;;1
424;;0
425;;0
426;;1
427;;1
428;;0
429;;1
430;;1
431;;-1
432;;0
433;;0
434;;-1
435;;-1
436;;1
437;;-1
438;;1
439;;1
440;;1
441;;1
442;;1
443;;1
444;;1
445;;1
446;;1
447;;0
448;;1
449;;0
450;;0
451;;1
452;;0
453;;0
454;;-1
455;;-1
456;;-1
457;;1
458;;1
459;;0
460;;1
461;;1
462;;0
463;;1
464;;1
465;;1
466;;1
467;;1
468;;0
469;;-1
470;;1
471;;-1
472;;1
473;;0
474;;1
475;;1
476;;1
477;;1
478;;0
479;;1
480;;0
481;;1
482;;1
483;;1
484;;0
485;;1
486;;1
487;;1
488;;-1
489;;0
490;;1
491;;1
492;;1
493;;0
494;;1
495;;0
496;;1
497;;1
498;;1
499;;1
500;;1
501;;1
502;;0
503;;-1
504;;-1
505;;1
506;;0
507;;1
508;;-1
509;;0
510;;1
511;;0
512;;1
513;;0
514;;0
515;;-1
516;;-1
517;;0
518;;0
519;;0
520;;0
521;;0
522;;0
523;;0
524;;1
525;;1
526;;-1
527;;0
528;;-1
529;;-1
530;;-1
531;;1
532;;-1
533;;0
534;;0
535;;1
536;;0
537;;0
538;;1
539;;0
540;;1
541;;0
542;;0
543;;-1
544;;-1
545;;1
546;;1
547;;-1
548;;1
549;;-1
550;;-1
551;;-1
552;;1
553;;0
554;;1
555;;1
556;;1
557;;-1
558;;0
559;;1
560;;1
561;;-1
562;;1
563;;1
564;;0
565;;1
566;;-1
567;;0
568;;1
569;;-1
570;;1
571;;0
572;;0
573;;-1
574;;1
575;;0
576;;-1
577;;0
578;;0
579;;0
580;;1
581;;-1
582;;-1
583;;0
584;;-1
585;;-1
586;;0
587;;0
588;;-1
589;;0
590;;0
591;;-1
592;;0
593;;0
594;;1
595;;0
596;;0
597;;0
598;;1
599;;-1
600;;0
601;;0
602;;0
603;;0
604;;1
605;;1
606;;1
607;;0
608;;0
609;;-1
610;;1
611;;-1
612;;1
613;;0
614;;-1
615;;0
616;;-1
617;;0
618;;-1
619;;-1
620;;0
621;;-1
622;;0
623;;1
624;;-1
625;;-1
626;;0
627;;0
628;;-1
629;;0
630;;0
631;;-1
632;;-1
633;;0
634;;0
635;;-1
636;;1
637;;0
638;;0
639;;-1
640;;0
641;;0
642;;-1
643;;-1
644;;0
645;;0
646;;1
647;;0
648;;-1
649;;0
650;;0
651;;-1
652;;0
653;;-1
654;;0
655;;0
656;;0
657;;-1
658;;0
659;;-1
660;;0
661;;0
662;;-1
663;;-1
664;;0
665;;-1
666;;1
667;;-1
668;;0
669;;-1
670;;0
671;;0
672;;-1
673;;-1
674;;0
675;;-1
676;;0
677;;-1
678;;1
679;;1
680;;-1
681;;-1
682;;-1
683;;1
684;;0
685;;0
686;;-1
687;;1
688;;0
689;;1
690;;1
691;;1
692;;1
693;;-1
694;;0
695;;-1
696;;-1
697;;0
698;;0
699;;0
700;;1
701;;0
702;;0
703;;-1
704;;0
705;;-1
706;;0
707;;1
708;;1
709;;-1
710;;0
711;;1
712;;-1
713;;0
714;;0
715;;-1
716;;1
717;;0
718;;0
719;;0
720;;0
721;;0
722;;-1
723;;0
724;;1
725;;-1
726;;-1
727;;0
728;;-1
729;;0
730;;1
731;;-1
732;;0
733;;0
734;;1
735;;1
736;;0
737;;1
738;;-1
739;;0
740;;-1
741;;0
742;;0
743;;0
744;;1
745;;-1
746;;0
747;;0
748;;-1
749;;-1
750;;-1
751;;0
752;;1
753;;0
754;;-1
755;;1
756;;0
757;;1
758;;0
759;;0
760;;0
761;;0
762;;0
763;;0
764;;-1
765;;0
766;;-1
767;;0
768;;1
769;;-1
770;;0
771;;0
772;;0
773;;0
774;;1
775;;0
776;;-1
777;;0
778;;1
779;;-1
780;;-1
781;;-1
782;;0
783;;-1
784;;-1
785;;0
786;;1
787;;1
788;;-1
789;;-1
790;;0
791;;0
792;;-1
793;;-1
794;;1
795;;0
796;;-1
797;;0
798;;0
799;;-1
800;;1
801;;0
802;;0
803;;0
804;;0
805;;0
806;;-1
807;;-1
808;;0
809;;0
810;;0
811;;1
812;;0
813;;0
814;;0
815;;0
816;;0
817;;-1
818;;0
819;;-1
820;;-1
821;;0
822;;0
823;;1
824;;0
825;;0
826;;0
827;;1
828;;0
829;;1
830;;0
831;;0
832;;1
833;;-1
834;;0
835;;-1
836;;0
837;;-1
838;;0
839;;0
840;;0
841;;1
842;;0
843;;-1
844;;0
845;;0
846;;0
847;;0
848;;0
849;;0
850;;1
851;;0
852;;-1
853;;-1
854;;1
855;;0
856;;0
857;;0
858;;0
859;;-1
860;;0
861;;0
862;;0
863;;-1
864;;-1
865;;0
866;;0
867;;-1
868;;0
869;;1
870;;0
871;;0
872;;0
873;;0
874;;-1
875;;0
876;;-1
877;;-1
878;;0
879;;-1
880;;1
881;;-1
882;;-1
883;;0
884;;0
885;;0
886;;0
887;;0
888;;-1
889;;0
890;;1
891;;-1
892;;0
893;;0
894;;-1
895;;-1
896;;0
897;;0
898;;-1
899;;-1
900;;-1
901;;0
902;;1
903;;0
904;;1
905;;-1
906;;0
907;;-1
908;;1
909;;-1
910;;1
911;;-1
912;;1
913;;1
914;;1
915;;-1
916;;-1
917;;-1
918;;-1
919;;-1
920;;0
921;;-1
922;;-1
923;;0
924;;-1
925;;0
926;;-1
927;;0
928;;0
929;;0
930;;1
931;;-1
932;;0
933;;0
934;;1
935;;0
936;;1
937;;0
938;;0
939;;0
940;;0
941;;0
942;;-1
943;;0
944;;0
945;;-1
946;;0
947;;-1
948;;-1
949;;0
950;;-1
951;;-1
952;;0
953;;1
954;;0
955;;-1
956;;0
957;;-1
958;;1
959;;0
960;;1
961;;-1
962;;-1
963;;-1
964;;0
965;;0
966;;-1
967;;0
968;;-1
969;;0
970;;0
971;;0
972;;0
973;;-1
974;;0
975;;0
976;;0
977;;0
978;;0
979;;0
980;;0
981;;0
982;;0
983;;1
984;;1
985;;0
986;;-1
987;;0
988;;0
989;;1
990;;-1
991;;0
992;;-1
993;;0
994;;0
995;;-1
996;;1
997;;0
998;;0
999;;-1
1000;;0
1001;;0
1002;;0
1003;;0
1004;;-1
1005;;0
1006;;0
1007;;0
1008;;0
1009;;-1
1010;;-1
1011;;0
1012;;0
1013;;-1
1014;;1
1015;;0
1016;;0
1017;;0
1018;;-1
1019;;0
1020;;0
1021;;0
1022;;-1
1023;;0
1024;;0
1025;;-1
1026;;0
1027;;0
1028;;0
1029;;1
1030;;0
1031;;1
1032;;-1
1033;;0
1034;;0
1035;;0
1036;;-1
1037;;-1
1038;;-1
1039;;0
1040;;0
1041;;0
1042;;1
1043;;0
1044;;0
1045;;0
1046;;1
1047;;0
1048;;0
1049;;-1
1050;;-1
1051;;0
1052;;0
1053;;-1
1054;;1
1055;;0
1056;;-1
1057;;1
1058;;1
1059;;-1
1060;;0
1061;;-1
1062;;0
1063;;-1
1064;;0
1065;;-1
1066;;-1
1067;;0
1068;;-1
1069;;0
1070;;1
1071;;0
1072;;-1
1073;;0
1074;;-1
1075;;-1
1076;;0
1077;;0
1078;;1
1079;;0
1080;;-1
1081;;-1
1082;;0
1083;;0
1084;;0
1085;;0
1086;;-1
1087;;-1
1088;;0
1089;;0
1090;;0
1091;;0
1092;;0
1093;;-1
1094;;1
1095;;-1
1096;;-1
1097;;1
1098;;-1
1099;;0
1100;;1
1101;;0
1102;;0
1103;;1
1104;;-1
1105;;-1
1106;;1
1107;;-1
1108;;0
1109;;-1
1110;;-1
1111;;0
1112;;-1
1113;;0
1114;;0
1115;;-1
1116;;-1
1117;;0
1118;;0
1119;;1
1120;;1
1121;;0
1122;;0
1123;;-1
1124;;0
1125;;0
1126;;0
1127;;-1
1128;;-1
1129;;-1
1130;;1
1131;;0
1132;;0
1133;;-1
1134;;0
1135;;0
1136;;-1
1137;;1
1138;;0
1139;;-1
1140;;-1
1141;;-1
1142;;1
1143;;0
1144;;1
1145;;-1
1146;;0
1147;;0
1148;;1
1149;;0
1150;;0
1151;;0
1152;;-1
1153;;-1
1154;;0
1155;;0
1156;;1
1157;;-1
1158;;0
1159;;0
1160;;0
1161;;1
1162;;0
1163;;0
1164;;-1
1165;;0
1166;;0
1167;;1
1168;;0
1169;;0
1170;;-1
1171;;1
1172;;0
1173;;1
1174;;0
1175;;0
1176;;0
1177;;-1
1178;;0
1179;;0
1180;;-1
1181;;-1
1182;;0
1183;;1
1184;;0
1185;;1
1186;;0
1187;;0
1188;;0
1189;;0
1190;;-1
1191;;-1
1192;;0
1193;;-1
1194;;0
1195;;0
1196;;-1
1197;;0
1198;;0
1199;;0
1200;;0
1201;;0
1202;;0
1203;;1
1204;;0
1205;;0
1206;;1
1207;;0
1208;;0
1209;;0
1210;;-1
1211;;0
1212;;-1
1213;;-1
1214;;0
1215;;0
1216;;-1
1217;;-1
1218;;-1
1219;;-1
1220;;-1
1221;;-1
1222;;-1
1223;;0
1224;;0
1225;;0
1226;;1
1227;;0
1228;;0
1229;;-1
1230;;0
1231;;-1
1232;;-1
1233;;0
1234;;0
1235;;-1
1236;;0
1237;;-1
1238;;0
1239;;0
1240;;-1
1241;;0
1242;;0
1243;;1
1244;;0
1245;;0
1246;;0
1247;;-1
1248;;0
1249;;0
1250;;-1
1251;;-1
1252;;1
1253;;-1
1254;;0
1255;;0
1256;;0
1257;;0
1258;;0
1259;;-1
1260;;-1
1261;;0
1262;;-1
1263;;1
1264;;1
1265;;-1
1266;;-1
1267;;1
1268;;-1
1269;;-1
1270;;-1
1271;;-1
1272;;-1
1273;;-1
1274;;-1
1275;;1
1276;;-1
1277;;-1
1278;;-1
1279;;-1
1280;;0
1281;;-1
1282;;0
1283;;-1
1284;;-1
1285;;-1
1286;;0
1287;;-1
1288;;-1
1289;;-1
1290;;-1
1291;;-1
1292;;-1
1293;;-1
1294;;0
1295;;-1
1296;;0
1297;;0
1298;;-1
1299;;-1
1300;;-1
1301;;-1
1302;;-1
1303;;-1
1304;;-1
1305;;-1
1306;;-1
1307;;-1
1308;;1
1309;;-1
1310;;-1
1311;;-1
1312;;1
1313;;1
1314;;-1
1315;;-1
1316;;-1
1317;;-1
1318;;-1
1319;;1
1320;;-1
1321;;0
1322;;-1
1323;;-1
1324;;-1
1325;;0
1326;;-1
1327;;-1
1328;;1
1329;;-1
1330;;-1
1331;;-1
1332;;1
1333;;-1
1334;;0
1335;;-1
1336;;-1
1337;;0
1338;;1
1339;;-1
1340;;-1
1341;;-1
1342;;-1
1343;;-1
1344;;-1
1345;;0
1346;;-1
1347;;-1
1348;;-1
1349;;-1
1350;;-1
1351;;-1
1352;;-1
1353;;0
1354;;0
1355;;-1
1356;;-1
1357;;1
1358;;-1
1359;;-1
1360;;-1
1361;;-1
1362;;-1
1363;;-1
1364;;-1
1365;;-1
1366;;-1
1367;;-1
1368;;0
1369;;-1
1370;;-1
1371;;0
1372;;1
1373;;-1
1374;;-1
1375;;1
1376;;-1
1377;;0
1378;;0
1379;;-1
1380;;-1
1381;;-1
1382;;-1
1383;;0
1384;;0
1385;;0
1386;;-1
1387;;-1
1388;;-1
1389;;-1
1390;;0
1391;;0
1392;;-1
1393;;-1
1394;;-1
1395;;1
1396;;0
1397;;0
1398;;0
1399;;-1
1400;;0
1401;;1
1402;;-1
1403;;-1
1404;;0
1405;;0
1406;;-1
1407;;-1
1408;;-1
1409;;0
1410;;-1
1411;;0
1412;;1
1413;;-1
1414;;-1
1415;;-1
1416;;-1
1417;;-1
1418;;-1
1419;;-1
1420;;-1
1421;;-1
1422;;-1
1423;;1
1424;;0
1425;;-1
1426;;0
1427;;-1
1428;;0
1429;;-1
1430;;-1
1431;;-1
1432;;-1
1433;;-1
1434;;-1
1435;;0
1436;;-1
1437;;1
1438;;-1
1439;;0
1440;;0
1441;;-1
1442;;-1
1443;;-1
1444;;-1
1445;;-1
1446;;0
1447;;0
1448;;0
1449;;0
1450;;-1
1451;;-1
1452;;1
1453;;0
1454;;0
1455;;0
1456;;-1
1457;;-1
1458;;-1
1459;;-1
1460;;0
1461;;-1
1462;;-1
1463;;-1
1464;;0
1465;;0
1466;;-1
1467;;-1
1468;;-1
1469;;-1
1470;;-1
1471;;-1
1472;;-1
1473;;1
1474;;-1
1475;;-1
1476;;-1
1477;;0
1478;;-1
1479;;-1
1480;;-1
1481;;-1
1482;;-1
1483;;0
1484;;-1
1485;;-1
1486;;-1
1487;;-1
1488;;-1
1489;;0
1490;;-1
1491;;1
1492;;-1
1493;;-1
1494;;0
1495;;-1
1496;;-1
1497;;-1
1498;;1
1499;;0
1500;;-1
1501;;0
1502;;1
1503;;-1
1504;;-1
1505;;-1
1506;;0
1507;;0
1508;;0
1509;;-1
1510;;0
1511;;-1
1512;;0
1513;;-1
1514;;0
1515;;-1
1516;;-1
1517;;-1
1518;;-1
1519;;-1
1520;;-1
1521;;-1
1522;;1
1523;;-1
1524;;-1
1525;;1
1526;;-1
1527;;0
1528;;0
1529;;-1
1530;;-1
1531;;0
1532;;0
1533;;0
1534;;1
1535;;-1
1536;;0
1537;;1
1538;;0
1539;;-1
1540;;0
1541;;0
1542;;0
1543;;0
1544;;-1
1545;;0
1546;;-1
1547;;1
1548;;0
1549;;1
1550;;-1
1551;;0
1552;;0
1553;;0
1554;;0
1555;;-1
1556;;0
1557;;-1
1558;;1
1559;;-1
1560;;-1
1561;;-1
1562;;-1
1563;;-1
1564;;-1
1565;;-1
1566;;0
1567;;-1
1568;;-1
1569;;-1
1570;;1
1571;;-1
1572;;-1
1573;;-1
1574;;-1
1575;;-1
1576;;0
1577;;1
1578;;0
1579;;-1
1580;;-1
1581;;-1
1582;;-1
1583;;-1
1584;;1
1585;;0
1586;;-1
1587;;-1
1588;;1
1589;;-1
1590;;-1
1591;;1
1592;;-1
1593;;1
1594;;-1
1595;;-1
1596;;-1
1597;;0
1598;;-1
1599;;-1
1600;;-1
1601;;0
1602;;-1
1603;;-1
1604;;0
1605;;-1
1606;;-1
1607;;0
1608;;-1
1609;;-1
1610;;-1
1611;;1
1612;;-1
1613;;-1
1614;;-1
1615;;-1
1616;;-1
1617;;-1
1618;;-1
1619;;-1
1620;;0
1621;;-1
1622;;1
1623;;-1
1624;;1
1625;;-1
1626;;-1
1627;;-1
1628;;-1
1629;;-1
1630;;-1
1631;;-1
1632;;0
1633;;-1
1634;;0
1635;;-1
1636;;-1
1637;;-1
1638;;-1
1639;;-1
1640;;-1
1641;;-1
1642;;-1
1643;;1
1644;;-1
1645;;-1
1646;;-1
1647;;-1
1648;;0
1649;;-1
1650;;0
1651;;-1
1652;;-1
1653;;-1
1654;;-1
1655;;-1
1656;;-1
1657;;-1
1658;;-1
1659;;-1
1660;;-1
1661;;0
1662;;-1
1663;;0
1664;;1
1665;;-1
1666;;-1
1667;;-1
1668;;-1
1669;;-1
1670;;-1
1671;;-1
1672;;0
1673;;-1
1674;;-1
1675;;-1
1676;;-1
1677;;-1
1678;;-1
1679;;-1
1680;;1
1681;;0
1682;;-1
1683;;-1
1684;;0
1685;;-1
1686;;0
1687;;-1
1688;;-1
1689;;-1
1690;;0
1691;;1
1692;;1
1693;;-1
1694;;0
1695;;-1
1696;;-1
1697;;-1
1698;;-1
1699;;-1
1700;;-1
1701;;-1
1702;;0
1703;;-1
1704;;-1
1705;;-1
1706;;0
1707;;-1
1708;;-1
1709;;-1
1710;;-1
1711;;-1
1712;;1
1713;;0
1714;;0
1715;;1
1716;;1
1717;;-1
1718;;0
1719;;-1
1720;;-1
1721;;-1
1722;;-1
1723;;0
1724;;1
1725;;0
1726;;0
1727;;-1
1728;;1
1729;;-1
1730;;-1
1731;;-1
1732;;-1
1733;;-1
1734;;-1
1735;;0
1736;;0
1737;;0
1738;;0
1739;;-1
1740;;-1
1741;;0
1742;;-1
1743;;0
1744;;1
1745;;-1
1746;;-1
1747;;0
1748;;-1
1749;;-1
1750;;0
1751;;1
1752;;0
1753;;0
1754;;-1
1755;;-1
1756;;-1
1757;;1
1758;;-1
1759;;-1
1760;;-1
1761;;-1
1762;;-1
1763;;1
1764;;-1
1765;;0
1766;;-1
1767;;-1
1768;;-1
1769;;1
1770;;-1
1771;;0
1772;;1
1773;;-1
1774;;-1
1775;;-1
1776;;-1
1777;;-1
1778;;1
1779;;0
1780;;1
1781;;0
1782;;-1
1783;;-1
1784;;1
1785;;0
1786;;0
1787;;-1
1788;;0
1789;;1
1790;;1
1791;;-1
1792;;1
1793;;0
1794;;-1
1795;;1
1796;;0
1797;;-1
1798;;-1
1799;;-1
1800;;0
1801;;-1
1802;;0
1803;;-1
1804;;0
1805;;-1
1806;;-1
1807;;1
1808;;0
1809;;-1
1810;;0
1811;;0
1812;;-1
1813;;-1
1814;;0
1815;;0
1816;;-1
1817;;-1
1818;;0
1819;;1
1820;;1
1821;;0
1822;;-1
1823;;0
1824;;-1
1825;;0
1826;;-1
1827;;1
1828;;-1
1829;;0
1830;;-1
1831;;-1
1832;;-1
1833;;0
1834;;-1
1835;;-1
1836;;-1
1837;;1
1838;;-1
1839;;0
1840;;1
1841;;-1
1842;;0
1843;;-1
1844;;0
1845;;0
1846;;-1
1847;;-1
1848;;-1
1849;;0
1850;;0
1851;;0
1852;;0
1853;;-1
1854;;-1
1855;;-1
1856;;0
1857;;0
1858;;0
1859;;-1
1860;;0
1861;;-1
